user_id	relation_id	entiy_id
0	0	0
0	1	1
1	0	2
1	1	3
2	0	4
2	1	5
3	0	6
3	1	7
4	0	8
4	1	9
5	0	10
5	1	11
6	0	12
6	1	13
7	0	14
7	1	15
8	0	16
8	1	17
9	0	18
9	1	19
10	0	20
10	1	21
11	0	22
11	1	23
12	0	24
12	1	25
13	0	26
13	1	27
14	0	28
14	1	29
15	0	30
15	1	31
16	0	32
16	1	33
17	0	34
17	1	35
18	0	36
18	1	37
19	0	38
19	1	39
20	0	40
20	1	41
21	0	42
21	1	43
22	0	44
22	1	45
23	0	46
23	1	47
24	0	48
24	1	49
25	0	50
25	1	51
26	0	52
26	1	53
27	0	54
27	1	55
28	0	4
28	1	56
29	0	57
29	1	58
30	0	59
30	1	60
31	0	61
31	1	62
32	0	63
32	1	64
33	0	65
33	1	66
34	0	67
34	1	68
35	0	69
35	1	70
36	0	71
36	1	72
37	0	73
37	1	74
38	0	75
38	1	76
39	0	77
39	1	78
40	0	79
40	1	80
41	0	81
41	1	82
42	0	83
42	1	84
43	0	85
43	1	86
44	0	87
44	1	88
45	0	89
45	1	90
46	0	91
46	1	92
47	0	93
47	1	94
48	0	95
48	1	96
49	0	97
49	1	98
50	0	99
50	1	100
51	0	101
51	1	102
52	0	103
52	1	104
53	0	105
53	1	106
54	0	107
54	1	108
55	0	109
55	1	110
56	0	111
56	1	112
57	0	113
57	1	114
58	0	115
58	1	116
59	0	117
59	1	118
60	0	119
60	1	120
61	0	121
61	1	122
62	0	123
62	1	124
63	0	125
63	1	126
64	0	127
64	1	128
65	0	129
65	1	130
66	0	131
66	1	132
67	0	133
67	1	134
68	0	135
68	1	136
69	0	137
69	1	138
70	0	139
70	1	140
71	0	141
71	1	142
72	0	143
72	1	144
73	0	145
73	1	146
74	0	147
74	1	148
75	0	149
75	1	150
76	0	151
76	1	152
77	0	153
77	1	154
78	0	155
78	1	156
79	0	157
79	1	158
80	0	159
80	1	160
81	0	161
81	1	162
82	0	163
82	1	164
83	0	165
83	1	166
84	0	167
84	1	168
85	0	169
85	1	170
86	0	171
86	1	172
87	0	173
87	1	174
88	0	175
88	1	176
89	0	177
89	1	178
90	0	179
90	1	180
91	0	181
91	1	182
92	0	183
92	1	184
93	0	185
93	1	186
94	0	187
94	1	188
95	0	189
95	1	190
96	0	191
96	1	192
97	0	193
97	1	194
98	0	195
98	1	196
99	0	197
99	1	198
100	0	199
100	1	200
101	0	201
101	1	202
102	0	203
102	1	204
103	0	205
103	1	206
104	0	207
104	1	208
105	0	209
105	1	210
106	0	211
106	1	212
107	0	213
107	1	214
108	0	215
108	1	216
109	0	217
109	1	218
110	0	219
110	1	220
111	0	221
111	1	222
112	0	36
112	1	223
113	0	224
113	1	225
114	0	226
114	1	227
115	0	228
115	1	229
116	0	230
116	1	231
117	0	232
117	1	233
118	0	234
118	1	235
119	0	236
119	1	237
120	0	238
120	1	239
121	0	240
121	1	241
122	0	242
122	1	243
123	0	244
123	1	245
124	0	246
124	1	247
125	0	248
125	1	249
126	0	250
126	1	251
127	0	252
127	1	253
128	0	24
128	1	254
129	0	255
129	1	256
130	0	257
130	1	258
131	0	259
131	1	260
132	0	261
132	1	262
133	0	263
133	1	264
134	0	265
134	1	266
135	0	32
135	1	267
136	0	268
136	1	269
137	0	270
137	1	271
138	0	272
138	1	273
139	0	209
139	1	274
140	0	275
140	1	276
141	0	277
141	1	278
142	0	279
142	1	280
143	0	281
143	1	282
144	0	283
144	1	284
145	0	285
145	1	286
146	0	287
146	1	288
147	0	289
147	1	290
148	0	291
148	1	292
149	0	293
149	1	294
150	0	295
150	1	296
151	0	297
151	1	298
152	0	299
152	1	300
153	0	301
153	1	302
154	0	303
154	1	304
155	0	305
155	1	306
156	0	293
156	1	307
157	0	308
157	1	309
158	0	310
158	1	311
159	0	312
159	1	313
160	0	314
160	1	315
161	0	316
161	1	317
162	0	183
162	1	318
163	0	319
163	1	320
164	0	321
164	1	322
165	0	323
165	1	324
166	0	325
166	1	326
167	0	173
167	1	327
168	0	328
168	1	329
169	0	330
169	1	331
170	0	332
170	1	333
171	0	334
171	1	335
172	0	336
172	1	337
173	0	338
173	1	339
174	0	265
174	1	340
175	0	341
175	1	342
176	0	343
176	1	344
177	0	345
177	1	346
178	0	347
178	1	348
179	0	349
179	1	350
180	0	351
180	1	352
181	0	353
181	1	354
182	0	355
182	1	356
183	0	357
183	1	358
184	0	359
184	1	360
185	0	361
185	1	362
186	0	363
186	1	364
187	0	365
187	1	366
188	0	367
188	1	368
189	0	369
189	1	370
190	0	371
190	1	372
191	0	373
191	1	374
192	0	375
192	1	376
193	0	377
193	1	378
194	0	379
194	1	380
195	0	381
195	1	382
196	0	383
196	1	384
197	0	385
197	1	386
198	0	387
198	1	388
199	0	389
199	1	390
200	0	391
200	1	392
201	0	393
201	1	394
202	0	395
202	1	396
203	0	397
203	1	398
204	0	399
204	1	400
205	0	401
205	1	402
206	0	403
206	1	404
207	0	405
207	1	406
208	0	407
208	1	408
209	0	409
209	1	410
210	0	411
210	1	412
211	0	413
211	1	414
212	0	415
212	1	416
213	0	417
213	1	418
214	0	419
214	1	420
215	0	421
215	1	422
216	0	423
216	1	424
217	0	425
217	1	426
218	0	427
218	1	428
219	0	429
219	1	430
220	0	431
220	1	432
221	0	391
221	1	433
222	0	434
222	1	435
223	0	436
223	1	437
224	0	438
224	1	439
225	0	440
225	1	441
226	0	369
226	1	442
227	0	443
227	1	444
228	0	40
228	1	445
229	0	446
229	1	447
230	0	448
230	1	449
231	0	450
231	1	451
232	0	452
232	1	453
233	0	454
233	1	455
234	0	456
234	1	457
235	0	458
235	1	459
236	0	460
236	1	461
237	0	462
237	1	463
238	0	464
238	1	465
239	0	466
239	1	467
240	0	468
240	1	469
241	0	470
241	1	471
242	0	472
242	1	473
243	0	474
243	1	475
244	0	476
244	1	477
245	0	478
245	1	479
246	0	246
246	1	480
247	0	481
247	1	482
248	0	16
248	1	483
249	0	484
249	1	485
250	0	486
250	1	487
251	0	488
251	1	489
252	0	490
252	1	491
253	0	95
253	1	492
254	0	493
254	1	494
255	0	495
255	1	496
256	0	497
256	1	498
257	0	499
257	1	500
258	0	501
258	1	502
259	0	503
259	1	504
260	0	505
260	1	506
261	0	507
261	1	508
262	0	509
262	1	510
263	0	511
263	1	512
264	0	397
264	1	513
265	0	514
265	1	515
266	0	516
266	1	517
267	0	518
267	1	519
268	0	520
268	1	521
269	0	522
269	1	523
270	0	524
270	1	525
271	0	526
271	1	527
272	0	528
272	1	529
273	0	530
273	1	531
274	0	321
274	1	532
275	0	533
275	1	534
276	0	535
276	1	536
277	0	537
277	1	538
278	0	539
278	1	540
279	0	541
279	1	542
280	0	543
280	1	544
281	0	545
281	1	546
282	0	547
282	1	548
283	0	549
283	1	550
284	0	551
284	1	552
285	0	553
285	1	554
286	0	555
286	1	556
287	0	557
287	1	558
288	0	559
288	1	560
289	0	561
289	1	562
290	0	563
290	1	564
291	0	115
291	1	565
292	0	155
292	1	566
293	0	567
293	1	568
294	0	569
294	1	570
295	0	332
295	1	571
296	0	572
296	1	573
297	0	574
297	1	575
298	0	576
298	1	577
299	0	578
299	1	579
300	0	405
300	1	580
301	0	332
301	1	581
302	0	582
302	1	583
303	0	584
303	1	585
304	0	586
304	1	587
305	0	588
305	1	589
306	0	590
306	1	591
307	0	592
307	1	593
308	0	594
308	1	595
309	0	596
309	1	597
310	0	598
310	1	599
311	0	283
311	1	600
312	0	389
312	1	601
313	0	602
313	1	603
314	0	604
314	1	605
315	0	606
315	1	607
316	0	608
316	1	609
317	0	610
317	1	611
318	0	612
318	1	613
319	0	614
319	1	615
320	0	616
320	1	617
321	0	618
321	1	619
322	0	620
322	1	621
323	0	618
323	1	622
324	0	623
324	1	624
325	0	625
325	1	626
326	0	627
326	1	628
327	0	484
327	1	629
328	0	228
328	1	630
329	0	631
329	1	632
330	0	633
330	1	634
331	0	635
331	1	636
332	0	637
332	1	638
333	0	89
333	1	639
334	0	640
334	1	641
335	0	642
335	1	643
336	0	644
336	1	645
337	0	646
337	1	647
338	0	648
338	1	649
339	0	650
339	1	651
340	0	652
340	1	653
341	0	654
341	1	655
342	0	656
342	1	657
343	0	658
343	1	659
344	0	660
344	1	661
345	0	662
345	1	663
346	0	664
346	1	665
347	0	666
347	1	667
348	0	668
348	1	669
349	0	670
349	1	671
350	0	640
350	1	672
351	0	673
351	1	674
352	0	675
352	1	676
353	0	385
353	1	677
354	0	314
354	1	678
355	0	679
355	1	680
356	0	681
356	1	682
357	0	557
357	1	683
358	0	684
358	1	685
359	0	686
359	1	687
360	0	688
360	1	689
361	0	149
361	1	690
362	0	691
362	1	692
363	0	693
363	1	694
364	0	695
364	1	696
365	0	697
365	1	698
366	0	699
366	1	700
367	0	701
367	1	702
368	0	703
368	1	704
369	0	705
369	1	706
370	0	707
370	1	708
371	0	709
371	1	710
372	0	614
372	1	711
373	0	712
373	1	713
374	0	714
374	1	715
375	0	522
375	1	716
376	0	717
376	1	718
377	0	89
377	1	719
378	0	720
378	1	721
379	0	722
379	1	723
380	0	724
380	1	725
381	0	308
381	1	726
382	0	727
382	1	728
383	0	729
383	1	730
384	0	731
384	1	732
385	0	610
385	1	733
386	0	572
386	1	734
387	0	735
387	1	736
388	0	737
388	1	738
389	0	739
389	1	740
390	0	741
390	1	742
391	0	707
391	1	743
392	0	633
392	1	744
393	0	242
393	1	745
394	0	407
394	1	746
395	0	747
395	1	748
396	0	749
396	1	750
397	0	751
397	1	752
398	0	195
398	1	753
399	0	754
399	1	755
400	0	756
400	1	757
401	0	758
401	1	759
402	0	760
402	1	761
403	0	762
403	1	763
404	0	764
404	1	765
405	0	766
405	1	767
406	0	768
406	1	769
407	0	495
407	1	770
408	0	771
408	1	772
409	0	773
409	1	774
410	0	775
410	1	776
411	0	429
411	1	777
412	0	778
412	1	779
413	0	699
413	1	780
414	0	781
414	1	782
415	0	569
415	1	783
416	0	240
416	1	784
417	0	522
417	1	785
418	0	786
418	1	787
419	0	788
419	1	789
420	0	790
420	1	791
421	0	792
421	1	793
422	0	379
422	1	794
423	0	795
423	1	796
424	0	797
424	1	798
425	0	751
425	1	799
426	0	800
426	1	801
427	0	802
427	1	803
428	0	737
428	1	804
429	0	805
429	1	806
430	0	807
430	1	808
431	0	809
431	1	810
432	0	811
432	1	812
433	0	24
433	1	813
434	0	604
434	1	814
435	0	815
435	1	816
436	0	175
436	1	817
437	0	818
437	1	819
438	0	820
438	1	821
439	0	691
439	1	822
440	0	823
440	1	824
441	0	825
441	1	826
442	0	827
442	1	828
443	0	829
443	1	830
444	0	637
444	1	831
445	0	832
445	1	833
446	0	834
446	1	835
447	0	397
447	1	836
448	0	660
448	1	837
449	0	735
449	1	838
450	0	839
450	1	840
451	0	841
451	1	842
452	0	652
452	1	843
453	0	844
453	1	845
454	0	133
454	1	846
455	0	847
455	1	848
456	0	849
456	1	850
457	0	851
457	1	852
458	0	853
458	1	854
459	0	855
459	1	856
460	0	731
460	1	857
461	0	858
461	1	859
462	0	860
462	1	861
463	0	375
463	1	862
464	0	863
464	1	864
465	0	865
465	1	866
466	0	867
466	1	868
467	0	869
467	1	870
468	0	871
468	1	872
469	0	873
469	1	874
470	0	497
470	1	875
471	0	876
471	1	877
472	0	878
472	1	879
473	0	880
473	1	881
474	0	882
474	1	883
475	0	884
475	1	885
476	0	503
476	1	886
477	0	887
477	1	888
478	0	889
478	1	890
479	0	735
479	1	891
480	0	764
480	1	892
481	0	893
481	1	894
482	0	895
482	1	896
483	0	897
483	1	898
484	0	40
484	1	899
485	0	183
485	1	900
486	0	901
486	1	902
487	0	903
487	1	904
488	0	751
488	1	905
489	0	906
489	1	907
490	0	908
490	1	909
491	0	308
491	1	910
492	0	911
492	1	912
493	0	177
493	1	913
494	0	914
494	1	915
495	0	14
495	1	916
496	0	917
496	1	918
497	0	919
497	1	920
498	0	921
498	1	922
499	0	923
499	1	924
500	0	244
500	1	925
501	0	926
501	1	927
502	0	928
502	1	929
503	0	930
503	1	931
504	0	932
504	1	933
505	0	934
505	1	935
506	0	731
506	1	936
507	0	937
507	1	938
508	0	939
508	1	940
509	0	941
509	1	942
510	0	943
510	1	944
511	0	660
511	1	945
512	0	514
512	1	946
513	0	947
513	1	948
514	0	490
514	1	949
515	0	950
515	1	951
516	0	608
516	1	952
517	0	953
517	1	954
518	0	955
518	1	956
519	0	957
519	1	958
520	0	187
520	1	959
521	0	773
521	1	960
522	0	12
522	1	961
523	0	926
523	1	962
524	0	963
524	1	964
525	0	773
525	1	965
526	0	720
526	1	966
527	0	967
527	1	968
528	0	969
528	1	970
529	0	228
529	1	971
530	0	972
530	1	973
531	0	853
531	1	974
532	0	975
532	1	976
533	0	977
533	1	978
534	0	979
534	1	980
535	0	981
535	1	982
536	0	486
536	1	983
537	0	472
537	1	984
538	0	389
538	1	985
539	0	878
539	1	986
540	0	930
540	1	987
541	0	988
541	1	989
542	0	932
542	1	990
543	0	173
543	1	991
544	0	926
544	1	992
545	0	993
545	1	994
546	0	995
546	1	996
547	0	957
547	1	997
548	0	998
548	1	999
549	0	747
549	1	1000
550	0	1001
550	1	1002
551	0	1003
551	1	1004
552	0	1005
552	1	1006
553	0	1007
553	1	1008
554	0	377
554	1	1009
555	0	1010
555	1	1011
556	0	1012
556	1	1013
557	0	1014
557	1	1015
558	0	972
558	1	1016
559	0	543
559	1	1017
560	0	481
560	1	1018
561	0	1019
561	1	1020
562	0	1021
562	1	1022
563	0	1023
563	1	1024
564	0	1025
564	1	1026
565	0	860
565	1	1027
566	0	1028
566	1	1029
567	0	1030
567	1	1031
568	0	1032
568	1	1033
569	0	1034
569	1	1035
570	0	1036
570	1	1037
571	0	1038
571	1	1039
572	0	1040
572	1	1041
573	0	1030
573	1	1042
574	0	541
574	1	1043
575	0	373
575	1	1044
576	0	670
576	1	1045
577	0	1030
577	1	1046
578	0	623
578	1	1047
579	0	1048
579	1	1049
580	0	1050
580	1	1051
581	0	1052
581	1	1053
582	0	1054
582	1	1055
583	0	1056
583	1	1057
584	0	1058
584	1	1059
585	0	155
585	1	1060
586	0	1061
586	1	1062
587	0	1063
587	1	1064
588	0	242
588	1	1065
589	0	618
589	1	1066
590	0	1067
590	1	1068
591	0	1069
591	1	1070
592	0	1071
592	1	1072
593	0	969
593	1	1073
594	0	1074
594	1	1075
595	0	834
595	1	1076
596	0	1077
596	1	1078
597	0	1079
597	1	1080
598	0	623
598	1	1081
599	0	1082
599	1	1083
600	0	604
600	1	1084
601	0	1085
601	1	1086
602	0	67
602	1	1087
603	0	277
603	1	1088
604	0	283
604	1	1089
605	0	1090
605	1	1091
606	0	1092
606	1	1093
607	0	371
607	1	1094
608	0	1095
608	1	1096
609	0	265
609	1	1097
610	0	1098
610	1	1099
611	0	596
611	1	1100
612	0	957
612	1	1101
613	0	1102
613	1	1103
614	0	1104
614	1	1105
615	0	452
615	1	1106
616	0	1107
616	1	1108
617	0	107
617	1	1109
618	0	993
618	1	1110
619	0	957
619	1	1111
620	0	557
620	1	1112
621	0	1113
621	1	1114
622	0	211
622	1	1115
623	0	1116
623	1	1117
624	0	612
624	1	1118
625	0	932
625	1	1119
626	0	1120
626	1	1121
627	0	1122
627	1	1123
628	0	1124
628	1	1125
629	0	786
629	1	1126
630	0	1127
630	1	1128
631	0	97
631	1	1129
632	0	1130
632	1	1131
633	0	385
633	1	1132
634	0	1133
634	1	1134
635	0	1135
635	1	1136
636	0	242
636	1	1137
637	0	926
637	1	1138
638	0	1139
638	1	1140
639	0	773
639	1	1141
640	0	1142
640	1	1143
641	0	637
641	1	1144
642	0	1145
642	1	1146
643	0	670
643	1	1147
644	0	1148
644	1	1149
645	0	919
645	1	1150
646	0	1151
646	1	1152
647	0	1034
647	1	1153
648	0	83
648	1	1154
649	0	950
649	1	1155
650	0	781
650	1	1156
651	0	195
651	1	1157
652	0	691
652	1	1158
653	0	195
653	1	1159
654	0	293
654	1	1160
655	0	839
655	1	1161
656	0	373
656	1	1162
657	0	228
657	1	1163
658	0	760
658	1	1164
659	0	1165
659	1	1166
660	0	1167
660	1	1168
661	0	823
661	1	1169
662	0	1170
662	1	1171
663	0	1172
663	1	1173
664	0	1174
664	1	1175
665	0	1176
665	1	1177
666	0	1092
666	1	1178
667	0	1098
667	1	1179
668	0	1180
668	1	1181
669	0	452
669	1	1182
670	0	618
670	1	1183
671	0	1034
671	1	1184
672	0	528
672	1	1185
673	0	1186
673	1	1187
674	0	1188
674	1	1189
675	0	1190
675	1	1191
676	0	815
676	1	1192
677	0	1193
677	1	1194
678	0	588
678	1	1195
679	0	1196
679	1	1197
680	0	703
680	1	1198
681	0	1199
681	1	1200
682	0	1201
682	1	1202
683	0	1201
683	1	1203
684	0	1204
684	1	1205
685	0	865
685	1	1206
686	0	834
686	1	1207
687	0	1208
687	1	1209
688	0	620
688	1	1210
689	0	1211
689	1	1212
690	0	957
690	1	1213
691	0	882
691	1	1214
692	0	421
692	1	1215
693	0	522
693	1	1216
694	0	590
694	1	1217
695	0	1218
695	1	1219
696	0	1220
696	1	1221
697	0	666
697	1	1222
698	0	454
698	1	1223
699	0	1224
699	1	1225
700	0	373
700	1	1226
701	0	1227
701	1	1228
702	0	1229
702	1	1230
703	0	1220
703	1	1231
704	0	371
704	1	1232
705	0	173
705	1	1233
706	0	569
706	1	1234
707	0	717
707	1	1235
708	0	695
708	1	1236
709	0	217
709	1	1237
710	0	177
710	1	1238
711	0	1239
711	1	1240
712	0	1241
712	1	1242
713	0	1243
713	1	1244
714	0	923
714	1	1245
715	0	1246
715	1	1247
716	0	1248
716	1	1249
717	0	873
717	1	1250
718	0	849
718	1	1251
719	0	981
719	1	1252
720	0	505
720	1	1253
721	0	1174
721	1	1254
722	0	1255
722	1	1256
723	0	1257
723	1	1258
724	0	825
724	1	1259
725	0	967
725	1	1260
726	0	1261
726	1	1262
727	0	1263
727	1	1264
728	0	691
728	1	1265
729	0	1266
729	1	1267
730	0	1268
730	1	1269
731	0	1270
731	1	1271
732	0	926
732	1	1272
733	0	1273
733	1	1274
734	0	855
734	1	1275
735	0	1276
735	1	1277
736	0	666
736	1	1278
737	0	701
737	1	1279
738	0	1280
738	1	1281
739	0	1282
739	1	1283
740	0	268
740	1	1284
741	0	1285
741	1	1286
742	0	867
742	1	1287
743	0	115
743	1	1288
744	0	1289
744	1	1290
745	0	369
745	1	1291
746	0	1292
746	1	1293
747	0	1130
747	1	1294
748	0	1295
748	1	1296
749	0	652
749	1	1297
750	0	1298
750	1	1299
751	0	1300
751	1	1301
752	0	1302
752	1	1303
753	0	1304
753	1	1305
754	0	1306
754	1	1307
755	0	405
755	1	1308
756	0	1309
756	1	1310
757	0	1311
757	1	1312
758	0	1313
758	1	1314
759	0	1315
759	1	1316
760	0	695
760	1	1317
761	0	1318
761	1	1319
762	0	802
762	1	1320
763	0	522
763	1	1321
764	0	720
764	1	1322
765	0	211
765	1	1323
766	0	1324
766	1	1325
767	0	1326
767	1	1327
768	0	1165
768	1	1328
769	0	993
769	1	1329
770	0	1196
770	1	1330
771	0	1331
771	1	1332
772	0	1333
772	1	1334
773	0	1058
773	1	1335
774	0	557
774	1	1336
775	0	1337
775	1	1338
776	0	1339
776	1	1340
777	0	319
777	1	1341
778	0	187
778	1	1342
779	0	1343
779	1	1344
780	0	631
780	1	1345
781	0	1346
781	1	1347
782	0	541
782	1	1348
783	0	1012
783	1	1349
784	0	1350
784	1	1351
785	0	332
785	1	1352
786	0	1353
786	1	1354
787	0	1355
787	1	1356
788	0	955
788	1	1357
789	0	1176
789	1	1358
790	0	1224
790	1	1359
791	0	1360
791	1	1361
792	0	967
792	1	1362
793	0	1363
793	1	1364
794	0	849
794	1	1365
795	0	1366
795	1	1367
796	0	1368
796	1	1369
797	0	853
797	1	1370
798	0	131
798	1	1371
799	0	1372
799	1	1373
800	0	1374
800	1	1375
801	0	454
801	1	1376
802	0	707
802	1	1377
803	0	1378
803	1	1379
804	0	505
804	1	1380
805	0	1381
805	1	1382
806	0	635
806	1	1383
807	0	1092
807	1	1384
808	0	1385
808	1	1386
809	0	914
809	1	1387
810	0	1388
810	1	1389
811	0	1390
811	1	1391
812	0	1392
812	1	1393
813	0	319
813	1	1394
814	0	1130
814	1	1395
815	0	1255
815	1	1396
816	0	1397
816	1	1398
817	0	1014
817	1	1399
818	0	1040
818	1	1400
819	0	211
819	1	1401
820	0	107
820	1	1402
821	0	695
821	1	1403
822	0	1282
822	1	1404
823	0	811
823	1	1405
824	0	336
824	1	1406
825	0	1407
825	1	1408
826	0	1409
826	1	1410
827	0	1411
827	1	1412
828	0	1413
828	1	1414
829	0	717
829	1	1415
830	0	1416
830	1	1417
831	0	10
831	1	1418
832	0	1419
832	1	1420
833	0	265
833	1	1421
834	0	1268
834	1	1422
835	0	739
835	1	1423
836	0	535
836	1	1424
837	0	709
837	1	1425
838	0	1211
838	1	1426
839	0	1346
839	1	1427
840	0	159
840	1	1428
841	0	691
841	1	1429
842	0	265
842	1	1430
843	0	1431
843	1	1432
844	0	1360
844	1	1433
845	0	1434
845	1	1435
846	0	1193
846	1	1436
847	0	1019
847	1	1437
848	0	1438
848	1	1439
849	0	1082
849	1	1440
850	0	535
850	1	1441
851	0	1442
851	1	1443
852	0	67
852	1	1444
853	0	1445
853	1	1446
854	0	371
854	1	1447
855	0	528
855	1	1448
856	0	1220
856	1	1449
857	0	762
857	1	1450
858	0	405
858	1	1451
859	0	387
859	1	1452
860	0	476
860	1	1453
861	0	268
861	1	1454
862	0	1282
862	1	1455
863	0	963
863	1	1456
864	0	1457
864	1	1458
865	0	1082
865	1	1459
866	0	1079
866	1	1460
867	0	481
867	1	1461
868	0	1462
868	1	1463
869	0	524
869	1	1464
870	0	1127
870	1	1465
871	0	1466
871	1	1467
872	0	389
872	1	1468
873	0	1434
873	1	1469
874	0	1434
874	1	1470
875	0	1471
875	1	1472
876	0	820
876	1	1473
877	0	1474
877	1	1475
878	0	175
878	1	1476
879	0	1477
879	1	1478
880	0	505
880	1	1479
881	0	1204
881	1	1480
882	0	389
882	1	1481
883	0	1442
883	1	1482
884	0	1483
884	1	1484
885	0	1246
885	1	1485
886	0	145
886	1	1486
887	0	1487
887	1	1488
888	0	1489
888	1	1490
889	0	535
889	1	1491
890	0	1492
890	1	1493
891	0	495
891	1	1494
892	0	268
892	1	1495
893	0	1496
893	1	1497
894	0	797
894	1	1498
895	0	1442
895	1	1499
896	0	943
896	1	1500
897	0	884
897	1	1501
898	0	1502
898	1	1503
899	0	720
899	1	1504
900	0	399
900	1	1505
901	0	1506
901	1	1507
902	0	658
902	1	1508
903	0	1509
903	1	1510
904	0	612
904	1	1511
905	0	1512
905	1	1513
906	0	865
906	1	1514
907	0	1135
907	1	1515
908	0	1516
908	1	1517
909	0	1438
909	1	1518
910	0	1519
910	1	1520
911	0	1521
911	1	1522
912	0	1523
912	1	1524
913	0	1273
913	1	1525
914	0	640
914	1	1526
915	0	1527
915	1	1528
916	0	1255
916	1	1529
917	0	1530
917	1	1531
918	0	731
918	1	1532
919	0	472
919	1	1533
920	0	1519
920	1	1534
921	0	815
921	1	1535
922	0	717
922	1	1536
923	0	1537
923	1	1538
924	0	1539
924	1	1540
925	0	1541
925	1	1542
926	0	484
926	1	1543
927	0	195
927	1	1544
928	0	1545
928	1	1546
929	0	926
929	1	1547
930	0	995
930	1	1548
931	0	211
931	1	1549
932	0	133
932	1	1550
933	0	1551
933	1	1552
934	0	535
934	1	1553
935	0	1554
935	1	1555
936	0	967
936	1	1556
937	0	1133
937	1	1557
938	0	1558
938	1	1559
939	0	1560
939	1	1561
940	0	1562
940	1	1563
941	0	193
941	1	1564
942	0	1565
942	1	1566
943	0	1567
943	1	1568
944	0	926
944	1	1569
945	0	1474
945	1	1570
946	0	1571
946	1	1572
947	0	421
947	1	1573
948	0	620
948	1	1574
949	0	535
949	1	1575
950	0	1576
950	1	1577
951	0	873
951	1	1578
952	0	756
952	1	1579
953	0	815
953	1	1580
954	0	115
954	1	1581
955	0	411
955	1	1582
956	0	1385
956	1	1583
957	0	177
957	1	1584
958	0	620
958	1	1585
959	0	1196
959	1	1586
960	0	1224
960	1	1587
961	0	1588
961	1	1589
962	0	703
962	1	1590
963	0	1302
963	1	1591
964	0	1592
964	1	1593
965	0	1390
965	1	1594
966	0	1120
966	1	1595
967	0	417
967	1	1596
968	0	658
968	1	1597
969	0	1082
969	1	1598
970	0	375
970	1	1599
971	0	472
971	1	1600
972	0	547
972	1	1601
973	0	1602
973	1	1603
974	0	1098
974	1	1604
975	0	950
975	1	1605
976	0	405
976	1	1606
977	0	1133
977	1	1607
978	0	1608
978	1	1609
979	0	1610
979	1	1611
980	0	637
980	1	1612
981	0	967
981	1	1613
982	0	1411
982	1	1614
983	0	660
983	1	1615
984	0	1067
984	1	1616
985	0	650
985	1	1617
986	0	1618
986	1	1619
987	0	675
987	1	1620
988	0	637
988	1	1621
989	0	807
989	1	1622
990	0	535
990	1	1623
991	0	1224
991	1	1624
992	0	1625
992	1	1626
993	0	853
993	1	1627
994	0	1628
994	1	1629
995	0	1562
995	1	1630
996	0	1631
996	1	1632
997	0	640
997	1	1633
998	0	620
998	1	1634
999	0	1120
999	1	1635
1000	0	1211
1000	1	1636
1001	0	277
1001	1	1637
1002	0	79
1002	1	1638
1003	0	193
1003	1	1639
1004	0	1492
1004	1	1640
1005	0	145
1005	1	1641
1006	0	1133
1006	1	1642
1007	0	1618
1007	1	1643
1008	0	1644
1008	1	1645
1009	0	1092
1009	1	1646
1010	0	569
1010	1	1647
1011	0	1648
1011	1	1649
1012	0	217
1012	1	1650
1013	0	1113
1013	1	1651
1014	0	1652
1014	1	1653
1015	0	1654
1015	1	1655
1016	0	760
1016	1	1656
1017	0	1657
1017	1	1658
1018	0	1659
1018	1	1660
1019	0	484
1019	1	1661
1020	0	1135
1020	1	1662
1021	0	1663
1021	1	1664
1022	0	1665
1022	1	1666
1023	0	1667
1023	1	1668
1024	0	1669
1024	1	1670
1025	0	1133
1025	1	1671
1026	0	1672
1026	1	1673
1027	0	588
1027	1	1674
1028	0	1675
1028	1	1676
1029	0	950
1029	1	1677
1030	0	1360
1030	1	1678
1031	0	490
1031	1	1679
1032	0	1576
1032	1	1680
1033	0	1681
1033	1	1682
1034	0	797
1034	1	1683
1035	0	825
1035	1	1684
1036	0	853
1036	1	1685
1037	0	610
1037	1	1686
1038	0	926
1038	1	1687
1039	0	415
1039	1	1688
1040	0	569
1040	1	1689
1041	0	1690
1041	1	1691
1042	0	332
1042	1	1692
1043	0	1659
1043	1	1693
1044	0	1061
1044	1	1694
1045	0	1466
1045	1	1695
1046	0	1227
1046	1	1696
1047	0	401
1047	1	1697
1048	0	646
1048	1	1698
1049	0	476
1049	1	1699
1050	0	815
1050	1	1700
1051	0	1282
1051	1	1701
1052	0	468
1052	1	1702
1053	0	869
1053	1	1703
1054	0	691
1054	1	1704
1055	0	1705
1055	1	1706
1056	0	858
1056	1	1707
1057	0	1708
1057	1	1709
1058	0	505
1058	1	1710
1059	0	1092
1059	1	1711
1060	0	1355
1060	1	1712
1061	0	1713
1061	1	1714
1062	0	569
1062	1	1715
1063	0	1082
1063	1	1716
1064	0	1521
1064	1	1717
1065	0	1409
1065	1	1718
1066	0	572
1066	1	1719
1067	0	1355
1067	1	1720
1068	0	183
1068	1	1721
1069	0	1722
1069	1	1723
1070	0	1724
1070	1	1725
1071	0	1726
1071	1	1727
1072	0	1728
1072	1	1729
1073	0	911
1073	1	1730
1074	0	1466
1074	1	1731
1075	0	1732
1075	1	1733
1076	0	1407
1076	1	1734
1077	0	1735
1077	1	1736
1078	0	695
1078	1	1737
1079	0	1738
1079	1	1739
1080	0	1176
1080	1	1740
1081	0	709
1081	1	1741
1082	0	1442
1082	1	1742
1083	0	1743
1083	1	1744
1084	0	1186
1084	1	1745
1085	0	1413
1085	1	1746
1086	0	1263
1086	1	1747
1087	0	1409
1087	1	1748
1088	0	1005
1088	1	1749
1089	0	675
1089	1	1750
1090	0	1273
1090	1	1751
1091	0	1752
1091	1	1753
1092	0	503
1092	1	1754
1093	0	656
1093	1	1755
1094	0	1726
1094	1	1756
1095	0	731
1095	1	1757
1096	0	747
1096	1	1758
1097	0	1562
1097	1	1759
1098	0	1067
1098	1	1760
1099	0	299
1099	1	1761
1100	0	1576
1100	1	1762
1101	0	572
1101	1	1763
1102	0	1273
1102	1	1764
1103	0	1765
1103	1	1766
1104	0	67
1104	1	1767
1105	0	67
1105	1	1768
1106	0	217
1106	1	1769
1107	0	1180
1107	1	1770
1108	0	834
1108	1	1771
1109	0	1772
1109	1	1773
1110	0	1030
1110	1	1774
1111	0	768
1111	1	1775
1112	0	1355
1112	1	1776
1113	0	526
1113	1	1777
1114	0	1778
1114	1	1779
1115	0	1780
1115	1	1781
1116	0	236
1116	1	1782
1117	0	646
1117	1	1783
1118	0	1554
1118	1	1784
1119	0	569
1119	1	1785
1120	0	668
1120	1	1786
1121	0	1625
1121	1	1787
1122	0	1363
1122	1	1788
1123	0	1186
1123	1	1789
1124	0	1790
1124	1	1791
1125	0	1010
1125	1	1792
1126	0	1224
1126	1	1793
1127	0	995
1127	1	1794
1128	0	131
1128	1	1795
1129	0	1120
1129	1	1796
1130	0	133
1130	1	1797
1131	0	1726
1131	1	1798
1132	0	321
1132	1	1799
1133	0	1659
1133	1	1800
1134	0	389
1134	1	1801
1135	0	415
1135	1	1802
1136	0	1333
1136	1	1803
1137	0	1434
1137	1	1804
1138	0	1576
1138	1	1805
1139	0	1050
1139	1	1806
1140	0	829
1140	1	1807
1141	0	691
1141	1	1808
1142	0	203
1142	1	1809
1143	0	265
1143	1	1810
1144	0	737
1144	1	1811
1145	0	1812
1145	1	1813
1146	0	1363
1146	1	1814
1147	0	1098
1147	1	1815
1148	0	1224
1148	1	1816
1149	0	1268
1149	1	1817
1150	0	829
1150	1	1818
1151	0	1061
1151	1	1819
1152	0	1092
1152	1	1820
1153	0	1442
1153	1	1821
1154	0	1822
1154	1	1823
1155	0	265
1155	1	1824
1156	0	1825
1156	1	1826
1157	0	1372
1157	1	1827
1158	0	1135
1158	1	1828
1159	0	1302
1159	1	1829
1160	0	567
1160	1	1830
1161	0	1090
1161	1	1831
1162	0	1302
1162	1	1832
1163	0	1833
1163	1	1834
1164	0	207
1164	1	1835
1165	0	1836
1165	1	1837
1166	0	764
1166	1	1838
1167	0	415
1167	1	1839
1168	0	943
1168	1	1840
1169	0	620
1169	1	1841
1170	0	535
1170	1	1842
1171	0	107
1171	1	1843
1172	0	618
1172	1	1844
1173	0	299
1173	1	1845
1174	0	652
1174	1	1846
1175	0	735
1175	1	1847
1176	0	1188
1176	1	1848
1177	0	943
1177	1	1849
1178	0	24
1178	1	1850
1179	0	1738
1179	1	1851
1180	0	77
1180	1	1852
1181	0	177
1181	1	1853
1182	0	1372
1182	1	1854
1183	0	1567
1183	1	1855
1184	0	1521
1184	1	1856
1185	0	1857
1185	1	1858
1186	0	1576
1186	1	1859
1187	0	1263
1187	1	1860
1188	0	1372
1188	1	1861
1189	0	59
1189	1	1862
1190	0	731
1190	1	1863
1191	0	528
1191	1	1864
1192	0	1082
1192	1	1865
1193	0	612
1193	1	1866
1194	0	1462
1194	1	1867
1195	0	476
1195	1	1868
1196	0	993
1196	1	1869
1197	0	867
1197	1	1870
1198	0	1120
1198	1	1871
1199	0	567
1199	1	1872
1200	0	1654
1200	1	1873
1201	0	1874
1201	1	1875
1202	0	1876
1202	1	1877
1203	0	1413
1203	1	1878
1204	0	1343
1204	1	1879
1205	0	610
1205	1	1880
1206	0	1881
1206	1	1882
1207	0	834
1207	1	1883
1208	0	697
1208	1	1884
1209	0	1130
1209	1	1885
1210	0	827
1210	1	1886
1211	0	853
1211	1	1887
1212	0	472
1212	1	1888
1213	0	1409
1213	1	1889
1214	0	1521
1214	1	1890
1215	0	308
1215	1	1891
1216	0	827
1216	1	1892
1217	0	526
1217	1	1893
1218	0	1007
1218	1	1894
1219	0	275
1219	1	1895
1220	0	1765
1220	1	1896
1221	0	572
1221	1	1897
1222	0	1738
1222	1	1898
1223	0	1652
1223	1	1899
1224	0	1519
1224	1	1900
1225	0	658
1225	1	1901
1226	0	656
1226	1	1902
1227	0	849
1227	1	1903
1228	0	569
1228	1	1904
1229	0	760
1229	1	1905
1230	0	1052
1230	1	1906
1231	0	1353
1231	1	1907
1232	0	413
1232	1	1908
1233	0	1565
1233	1	1909
1234	0	1038
1234	1	1910
1235	0	981
1235	1	1911
1236	0	175
1236	1	1912
1237	0	1019
1237	1	1913
1238	0	1082
1238	1	1914
1239	0	1521
1239	1	1915
1240	0	159
1240	1	1916
1241	0	786
1241	1	1917
1242	0	332
1242	1	1918
1243	0	701
1243	1	1919
1244	0	1521
1244	1	1920
1245	0	535
1245	1	1921
1246	0	1372
1246	1	1922
1247	0	1411
1247	1	1923
1248	0	1539
1248	1	1924
1249	0	343
1249	1	1925
1250	0	1652
1250	1	1926
1251	0	610
1251	1	1927
1252	0	955
1252	1	1928
1253	0	490
1253	1	1929
1254	0	957
1254	1	1930
1255	0	815
1255	1	1931
1256	0	567
1256	1	1932
1257	0	1407
1257	1	1933
1258	0	588
1258	1	1934
1259	0	1738
1259	1	1935
1260	0	97
1260	1	1936
1261	0	1052
1261	1	1937
1262	0	1881
1262	1	1938
1263	0	640
1263	1	1939
1264	0	588
1264	1	1940
1265	0	666
1265	1	1941
1266	0	299
1266	1	1942
1267	0	620
1267	1	1943
1268	0	497
1268	1	1944
1269	0	159
1269	1	1945
1270	0	1876
1270	1	1946
1271	0	1061
1271	1	1947
1272	0	762
1272	1	1948
1273	0	1466
1273	1	1949
1274	0	1061
1274	1	1950
1275	0	1381
1275	1	1951
1276	0	1592
1276	1	1952
1277	0	1953
1277	1	1954
1278	0	535
1278	1	1955
1279	0	858
1279	1	1956
1280	0	1107
1280	1	1957
1281	0	1958
1281	1	1959
1282	0	1434
1282	1	1960
1283	0	1186
1283	1	1961
1284	0	528
1284	1	1962
1285	0	955
1285	1	1963
1286	0	957
1286	1	1964
1287	0	401
1287	1	1965
1288	0	1576
1288	1	1966
1289	0	1659
1289	1	1967
1290	0	762
1290	1	1968
1291	0	490
1291	1	1969
1292	0	1061
1292	1	1970
1293	0	691
1293	1	1971
1294	0	1360
1294	1	1972
1295	0	1738
1295	1	1973
1296	0	1502
1296	1	1974
1297	0	399
1297	1	1975
1298	0	1976
1298	1	1977
1299	0	1765
1299	1	1978
1300	0	1979
1300	1	1980
1301	0	1346
1301	1	1981
1302	0	159
1302	1	1982
1303	0	1881
1303	1	1983
1304	0	1098
1304	1	1984
1305	0	1331
1305	1	1985
1306	0	1506
1306	1	1986
1307	0	1211
1307	1	1987
1308	0	265
1308	1	1988
1309	0	1976
1309	1	1989
1310	0	1038
1310	1	1990
1311	0	1523
1311	1	1991
1312	0	401
1312	1	1992
1313	0	760
1313	1	1993
1314	0	107
1314	1	1994
1315	0	1196
1315	1	1995
1316	0	955
1316	1	1996
1317	0	1052
1317	1	1997
1318	0	1551
1318	1	1998
1319	0	762
1319	1	1999
1320	0	391
1320	1	2000
1321	0	691
1321	1	2001
1322	0	739
1322	1	2002
1323	0	1521
1323	1	2003
1324	0	1506
1324	1	2004
1325	0	865
1325	1	2005
1326	0	1372
1326	1	2006
1327	0	957
1327	1	2007
1328	0	518
1328	1	2008
1329	0	438
1329	1	2009
1330	0	2010
1330	1	2011
1331	0	2012
1331	1	2013
1332	0	635
1332	1	2014
1333	0	2015
1333	1	2016
1334	0	1306
1334	1	2017
1335	0	1268
1335	1	2018
1336	0	863
1336	1	2019
1337	0	1082
1337	1	2020
1338	0	281
1338	1	2021
1339	0	947
1339	1	2022
1340	0	2023
1340	1	2024
1341	0	397
1341	1	2025
1342	0	2026
1342	1	2027
1343	0	2028
1343	1	2029
1344	0	230
1344	1	2030
1345	0	2031
1345	1	2032
1346	0	2033
1346	1	2034
1347	0	230
1347	1	2035
1348	0	1120
1348	1	2036
1349	0	2037
1349	1	2038
1350	0	633
1350	1	2039
1351	0	839
1351	1	2040
1352	0	2041
1352	1	2042
1353	0	1571
1353	1	2043
1354	0	2044
1354	1	2045
1355	0	729
1355	1	2046
1356	0	472
1356	1	2047
1357	0	2048
1357	1	2049
1358	0	2050
1358	1	2051
1359	0	234
1359	1	2052
1360	0	1392
1360	1	2053
1361	0	2054
1361	1	2055
1362	0	1229
1362	1	2056
1363	0	2057
1363	1	2058
1364	0	2059
1364	1	2060
1365	0	2061
1365	1	2062
1366	0	2063
1366	1	2064
1367	0	2065
1367	1	2066
1368	0	1280
1368	1	2067
1369	0	2068
1369	1	2069
1370	0	75
1370	1	2070
1371	0	1246
1371	1	2071
1372	0	1337
1372	1	2072
1373	0	270
1373	1	2073
1374	0	2074
1374	1	2075
1375	0	2076
1375	1	2077
1376	0	762
1376	1	2078
1377	0	2079
1377	1	2080
1378	0	230
1378	1	2081
1379	0	543
1379	1	2082
1380	0	2083
1380	1	2084
1381	0	2085
1381	1	2086
1382	0	265
1382	1	2087
1383	0	867
1383	1	2088
1384	0	2089
1384	1	2090
1385	0	768
1385	1	2091
1386	0	2092
1386	1	2093
1387	0	232
1387	1	2094
1388	0	2095
1388	1	2096
1389	0	1477
1389	1	2097
1390	0	2098
1390	1	2099
1391	0	2100
1391	1	2101
1392	0	369
1392	1	2102
1393	0	1602
1393	1	2103
1394	0	1857
1394	1	2104
1395	0	2105
1395	1	2106
1396	0	1220
1396	1	2107
1397	0	598
1397	1	2108
1398	0	481
1398	1	2109
1399	0	2110
1399	1	2111
1400	0	2112
1400	1	2113
1401	0	1610
1401	1	2114
1402	0	2115
1402	1	2116
1403	0	1551
1403	1	2117
1404	0	2118
1404	1	2119
1405	0	2120
1405	1	2121
1406	0	2122
1406	1	2123
1407	0	103
1407	1	2124
1408	0	1976
1408	1	2125
1409	0	2126
1409	1	2127
1410	0	2128
1410	1	2129
1411	0	2130
1411	1	2131
1412	0	2132
1412	1	2133
1413	0	2134
1413	1	2135
1414	0	2136
1414	1	2137
1415	0	1050
1415	1	2138
1416	0	1208
1416	1	2139
1417	0	829
1417	1	2140
1418	0	67
1418	1	2141
1419	0	175
1419	1	2142
1420	0	159
1420	1	2143
1421	0	1034
1421	1	2144
1422	0	2145
1422	1	2146
1423	0	1654
1423	1	2147
1424	0	2148
1424	1	2149
1425	0	1133
1425	1	2150
1426	0	1652
1426	1	2151
1427	0	2152
1427	1	2153
1428	0	115
1428	1	2154
1429	0	1390
1429	1	2155
1430	0	670
1430	1	2156
1431	0	584
1431	1	2157
1432	0	2158
1432	1	2159
1433	0	2160
1433	1	2161
1434	0	2162
1434	1	2163
1435	0	293
1435	1	2164
1436	0	849
1436	1	2165
1437	0	1390
1437	1	2166
1438	0	159
1438	1	2167
1439	0	2168
1439	1	2169
1440	0	415
1440	1	2170
1441	0	67
1441	1	2171
1442	0	1071
1442	1	2172
1443	0	157
1443	1	2173
1444	0	2174
1444	1	2175
1445	0	89
1445	1	2176
1446	0	969
1446	1	2177
1447	0	839
1447	1	2178
1448	0	2179
1448	1	2180
1449	0	1127
1449	1	2181
1450	0	6
1450	1	2182
1451	0	407
1451	1	2183
1452	0	2184
1452	1	2185
1453	0	2186
1453	1	2187
1454	0	217
1454	1	2188
1455	0	1390
1455	1	2189
1456	0	650
1456	1	2190
1457	0	1413
1457	1	2191
1458	0	853
1458	1	2192
1459	0	405
1459	1	2193
1460	0	950
1460	1	2194
1461	0	1457
1461	1	2195
1462	0	2196
1462	1	2197
1463	0	1378
1463	1	2198
1464	0	747
1464	1	2199
1465	0	2200
1465	1	2201
1466	0	557
1466	1	2202
1467	0	2152
1467	1	2203
1468	0	509
1468	1	2204
1469	0	537
1469	1	2205
1470	0	1133
1470	1	2206
1471	0	493
1471	1	2207
1472	0	417
1472	1	2208
1473	0	385
1473	1	2209
1474	0	967
1474	1	2210
1475	0	1172
1475	1	2211
1476	0	981
1476	1	2212
1477	0	1477
1477	1	2213
1478	0	596
1478	1	2214
1479	0	1438
1479	1	2215
1480	0	1204
1480	1	2216
1481	0	421
1481	1	2217
1482	0	2218
1482	1	2219
1483	0	2220
1483	1	2221
1484	0	203
1484	1	2222
1485	0	2223
1485	1	2224
1486	0	2225
1486	1	2226
1487	0	656
1487	1	2227
1488	0	1431
1488	1	2228
1489	0	773
1489	1	2229
1490	0	1098
1490	1	2230
1491	0	2231
1491	1	2232
1492	0	14
1492	1	2233
1493	0	584
1493	1	2234
1494	0	2235
1494	1	2236
1495	0	815
1495	1	2237
1496	0	2238
1496	1	2239
1497	0	2240
1497	1	2241
1498	0	2242
1498	1	2243
1499	0	588
1499	1	2244
1500	0	1063
1500	1	2245
1501	0	569
1501	1	2246
1502	0	2247
1502	1	2248
1503	0	981
1503	1	2249
1504	0	1102
1504	1	2250
1505	0	2105
1505	1	2251
1506	0	2252
1506	1	2253
1507	0	670
1507	1	2254
1508	0	2255
1508	1	2256
1509	0	561
1509	1	2257
1510	0	2258
1510	1	2259
1511	0	2098
1511	1	2260
1512	0	1462
1512	1	2261
1513	0	1562
1513	1	2262
1514	0	2263
1514	1	2264
1515	0	778
1515	1	2265
1516	0	2266
1516	1	2267
1517	0	1082
1517	1	2268
1518	0	2126
1518	1	2269
1519	0	2118
1519	1	2270
1520	0	2271
1520	1	2272
1521	0	1360
1521	1	2273
1522	0	1104
1522	1	2274
1523	0	880
1523	1	2275
1524	0	2276
1524	1	2277
1525	0	2278
1525	1	2279
1526	0	2280
1526	1	2281
1527	0	646
1527	1	2282
1528	0	666
1528	1	2283
1529	0	429
1529	1	2284
1530	0	397
1530	1	2285
1531	0	882
1531	1	2286
1532	0	2287
1532	1	2288
1533	0	1263
1533	1	2289
1534	0	203
1534	1	2290
1535	0	1565
1535	1	2291
1536	0	684
1536	1	2292
1537	0	207
1537	1	2293
1538	0	497
1538	1	2294
1539	0	2295
1539	1	2296
1540	0	1665
1540	1	2297
1541	0	737
1541	1	2298
1542	0	2299
1542	1	2300
1543	0	829
1543	1	2301
1544	0	2095
1544	1	2302
1545	0	1728
1545	1	2303
1546	0	697
1546	1	2304
1547	0	2305
1547	1	2306
1548	0	631
1548	1	2307
1549	0	1576
1549	1	2308
1550	0	1652
1550	1	2309
1551	0	950
1551	1	2310
1552	0	497
1552	1	2311
1553	0	1466
1553	1	2312
1554	0	2313
1554	1	2314
1555	0	1186
1555	1	2315
1556	0	930
1556	1	2316
1557	0	1058
1557	1	2317
1558	0	2318
1558	1	2319
1559	0	14
1559	1	2320
1560	0	2321
1560	1	2322
1561	0	2323
1561	1	2324
1562	0	1092
1562	1	2325
1563	0	503
1563	1	2326
1564	0	2327
1564	1	2328
1565	0	2329
1565	1	2330
1566	0	2331
1566	1	2332
1567	0	557
1567	1	2333
1568	0	265
1568	1	2334
1569	0	522
1569	1	2335
1570	0	1539
1570	1	2336
1571	0	818
1571	1	2337
1572	0	373
1572	1	2338
1573	0	1092
1573	1	2339
1574	0	2340
1574	1	2341
1575	0	2342
1575	1	2343
1576	0	858
1576	1	2344
1577	0	1082
1577	1	2345
1578	0	717
1578	1	2346
1579	0	1019
1579	1	2347
1580	0	2100
1580	1	2348
1581	0	1519
1581	1	2349
1582	0	14
1582	1	2350
1583	0	1343
1583	1	2351
1584	0	2352
1584	1	2353
1585	0	1239
1585	1	2354
1586	0	1282
1586	1	2355
1587	0	1708
1587	1	2356
1588	0	967
1588	1	2357
1589	0	539
1589	1	2358
1590	0	1313
1590	1	2359
1591	0	1186
1591	1	2360
1592	0	1825
1592	1	2361
1593	0	79
1593	1	2362
1594	0	1263
1594	1	2363
1595	0	1659
1595	1	2364
1596	0	2365
1596	1	2366
1597	0	1061
1597	1	2367
1598	0	1506
1598	1	2368
1599	0	950
1599	1	2369
1600	0	1007
1600	1	2370
1601	0	275
1601	1	2371
1602	0	1713
1602	1	2372
1603	0	495
1603	1	2373
1604	0	1625
1604	1	2374
1605	0	981
1605	1	2375
1606	0	107
1606	1	2376
1607	0	2377
1607	1	2378
1608	0	421
1608	1	2379
1609	0	1061
1609	1	2380
1610	0	1812
1610	1	2381
1611	0	2382
1611	1	2383
1612	0	849
1612	1	2384
1613	0	604
1613	1	2385
1614	0	135
1614	1	2386
1615	0	666
1615	1	2387
1616	0	2388
1616	1	2389
1617	0	1588
1617	1	2390
1618	0	1353
1618	1	2391
1619	0	1172
1619	1	2392
1620	0	773
1620	1	2393
1621	0	2394
1621	1	2395
1622	0	2396
1622	1	2397
1623	0	490
1623	1	2398
1624	0	926
1624	1	2399
1625	0	24
1625	1	2400
1626	0	675
1626	1	2401
1627	0	1407
1627	1	2402
1628	0	1765
1628	1	2403
1629	0	2404
1629	1	2405
1630	0	1135
1630	1	2406
1631	0	217
1631	1	2407
1632	0	497
1632	1	2408
1633	0	749
1633	1	2409
1634	0	1378
1634	1	2410
1635	0	2411
1635	1	2412
1636	0	2413
1636	1	2414
1637	0	2415
1637	1	2416
1638	0	308
1638	1	2417
1639	0	1976
1639	1	2418
1640	0	993
1640	1	2419
1641	0	2420
1641	1	2421
1642	0	514
1642	1	2422
1643	0	373
1643	1	2423
1644	0	768
1644	1	2424
1645	0	103
1645	1	2425
1646	0	1732
1646	1	2426
1647	0	1681
1647	1	2427
1648	0	379
1648	1	2428
1649	0	1292
1649	1	2429
1650	0	478
1650	1	2430
1651	0	2431
1651	1	2432
1652	0	977
1652	1	2433
1653	0	157
1653	1	2434
1654	0	151
1654	1	2435
1655	0	2436
1655	1	2437
1656	0	1726
1656	1	2438
1657	0	695
1657	1	2439
1658	0	2440
1658	1	2441
1659	0	472
1659	1	2442
1660	0	853
1660	1	2443
1661	0	1602
1661	1	2444
1662	0	1095
1662	1	2445
1663	0	1392
1663	1	2446
1664	0	1372
1664	1	2447
1665	0	228
1665	1	2448
1666	0	972
1666	1	2449
1667	0	926
1667	1	2450
1668	0	133
1668	1	2451
1669	0	1411
1669	1	2452
1670	0	207
1670	1	2453
1671	0	67
1671	1	2454
1672	0	159
1672	1	2455
1673	0	2456
1673	1	2457
1674	0	631
1674	1	2458
1675	0	849
1675	1	2459
1676	0	1588
1676	1	2460
1677	0	1381
1677	1	2461
1678	0	955
1678	1	2462
1679	0	115
1679	1	2463
1680	0	1368
1680	1	2464
1681	0	265
1681	1	2465
1682	0	1343
1682	1	2466
1683	0	1675
1683	1	2467
1684	0	1592
1684	1	2468
1685	0	2469
1685	1	2470
1686	0	1778
1686	1	2471
1687	0	472
1687	1	2472
1688	0	2473
1688	1	2474
1689	0	14
1689	1	2475
1690	0	2476
1690	1	2477
1691	0	807
1691	1	2478
1692	0	159
1692	1	2479
1693	0	543
1693	1	2480
1694	0	2481
1694	1	2482
1695	0	1082
1695	1	2483
1696	0	1280
1696	1	2484
1697	0	1353
1697	1	2485
1698	0	2436
1698	1	2486
1699	0	443
1699	1	2487
1700	0	291
1700	1	2488
1701	0	472
1701	1	2489
1702	0	2396
1702	1	2490
1703	0	739
1703	1	2491
1704	0	2492
1704	1	2493
1705	0	537
1705	1	2494
1706	0	217
1706	1	2495
1707	0	1331
1707	1	2496
1708	0	1273
1708	1	2497
1709	0	1302
1709	1	2498
1710	0	1953
1710	1	2499
1711	0	505
1711	1	2500
1712	0	1551
1712	1	2501
1713	0	1560
1713	1	2502
1714	0	373
1714	1	2503
1715	0	397
1715	1	2504
1716	0	588
1716	1	2505
1717	0	2160
1717	1	2506
1718	0	242
1718	1	2507
1719	0	385
1719	1	2508
1720	0	1220
1720	1	2509
1721	0	2238
1721	1	2510
1722	0	2511
1722	1	2512
1723	0	972
1723	1	2513
1724	0	1165
1724	1	2514
1725	0	631
1725	1	2515
1726	0	633
1726	1	2516
1727	0	2105
1727	1	2517
1728	0	97
1728	1	2518
1729	0	604
1729	1	2519
1730	0	2126
1730	1	2520
1731	0	1487
1731	1	2521
1732	0	193
1732	1	2522
1733	0	2523
1733	1	2524
1734	0	884
1734	1	2525
1735	0	1874
1735	1	2526
1736	0	2122
1736	1	2527
1737	0	839
1737	1	2528
1738	0	911
1738	1	2529
1739	0	869
1739	1	2530
1740	0	1282
1740	1	2531
1741	0	1681
1741	1	2532
1742	0	365
1742	1	2533
1743	0	1346
1743	1	2534
1744	0	1554
1744	1	2535
1745	0	930
1745	1	2536
1746	0	2537
1746	1	2538
1747	0	401
1747	1	2539
1748	0	2540
1748	1	2541
1749	0	1295
1749	1	2542
1750	0	1610
1750	1	2543
1751	0	921
1751	1	2544
1752	0	2280
1752	1	2545
1753	0	1602
1753	1	2546
1754	0	2547
1754	1	2548
1755	0	2549
1755	1	2550
1756	0	1659
1756	1	2551
1757	0	1331
1757	1	2552
1758	0	541
1758	1	2553
1759	0	1537
1759	1	2554
1760	0	1409
1760	1	2555
1761	0	524
1761	1	2556
1762	0	1743
1762	1	2557
1763	0	1388
1763	1	2558
1764	0	588
1764	1	2559
1765	0	211
1765	1	2560
1766	0	528
1766	1	2561
1767	0	59
1767	1	2562
1768	0	572
1768	1	2563
1769	0	2128
1769	1	2564
1770	0	2565
1770	1	2566
1771	0	2567
1771	1	2568
1772	0	572
1772	1	2569
1773	0	2570
1773	1	2571
1774	0	1669
1774	1	2572
1775	0	811
1775	1	2573
1776	0	815
1776	1	2574
1777	0	293
1777	1	2575
1778	0	10
1778	1	2576
1779	0	1295
1779	1	2577
1780	0	1979
1780	1	2578
1781	0	379
1781	1	2579
1782	0	1618
1782	1	2580
1783	0	464
1783	1	2581
1784	0	1669
1784	1	2582
1785	0	1311
1785	1	2583
1786	0	1385
1786	1	2584
1787	0	865
1787	1	2585
1788	0	2586
1788	1	2587
1789	0	115
1789	1	2588
1790	0	526
1790	1	2589
1791	0	1302
1791	1	2590
1792	0	1372
1792	1	2591
1793	0	1560
1793	1	2592
1794	0	598
1794	1	2593
1795	0	1631
1795	1	2594
1796	0	675
1796	1	2595
1797	0	1104
1797	1	2596
1798	0	1659
1798	1	2597
1799	0	1652
1799	1	2598
1800	0	1388
1800	1	2599
1801	0	1263
1801	1	2600
1802	0	2601
1802	1	2602
1803	0	1567
1803	1	2603
1804	0	2240
1804	1	2604
1805	0	807
1805	1	2605
1806	0	878
1806	1	2606
1807	0	1780
1807	1	2607
1808	0	1372
1808	1	2608
1809	0	2258
1809	1	2609
1810	0	1050
1810	1	2610
1811	0	612
1811	1	2611
1812	0	1196
1812	1	2612
1813	0	957
1813	1	2613
1814	0	1576
1814	1	2614
1815	0	707
1815	1	2615
1816	0	656
1816	1	2616
1817	0	981
1817	1	2617
1818	0	1713
1818	1	2618
1819	0	1302
1819	1	2619
1820	0	486
1820	1	2620
1821	0	588
1821	1	2621
1822	0	2287
1822	1	2622
1823	0	1648
1823	1	2623
1824	0	1833
1824	1	2624
1825	0	1204
1825	1	2625
1826	0	684
1826	1	2626
1827	0	1211
1827	1	2627
1828	0	1052
1828	1	2628
1829	0	762
1829	1	2629
1830	0	2630
1830	1	2631
1831	0	714
1831	1	2632
1832	0	275
1832	1	2633
1833	0	1343
1833	1	2634
1834	0	2231
1834	1	2635
1835	0	371
1835	1	2636
1836	0	1390
1836	1	2637
1837	0	1095
1837	1	2638
1838	0	717
1838	1	2639
1839	0	762
1839	1	2640
1840	0	530
1840	1	2641
1841	0	265
1841	1	2642
1842	0	1130
1842	1	2643
1843	0	240
1843	1	2644
1844	0	371
1844	1	2645
1845	0	2646
1845	1	2647
1846	0	1363
1846	1	2648
1847	0	612
1847	1	2649
1848	0	707
1848	1	2650
1849	0	1133
1849	1	2651
1850	0	2652
1850	1	2653
1851	0	421
1851	1	2654
1852	0	797
1852	1	2655
1853	0	2656
1853	1	2657
1854	0	69
1854	1	2658
1855	0	586
1855	1	2659
1856	0	1130
1856	1	2660
1857	0	1298
1857	1	2661
1858	0	701
1858	1	2662
1859	0	860
1859	1	2663
1860	0	2664
1860	1	2665
1861	0	1273
1861	1	2666
1862	0	1130
1862	1	2667
1863	0	395
1863	1	2668
1864	0	1388
1864	1	2669
1865	0	1413
1865	1	2670
1866	0	2671
1866	1	2672
1867	0	731
1867	1	2673
1868	0	2674
1868	1	2675
1869	0	1592
1869	1	2676
1870	0	1652
1870	1	2677
1871	0	1090
1871	1	2678
1872	0	1311
1872	1	2679
1873	0	2680
1873	1	2681
1874	0	737
1874	1	2682
1875	0	1135
1875	1	2683
1876	0	59
1876	1	2684
1877	0	1165
1877	1	2685
1878	0	79
1878	1	2686
1879	0	2687
1879	1	2688
1880	0	1095
1880	1	2689
1881	0	720
1881	1	2690
1882	0	2691
1882	1	2692
1883	0	764
1883	1	2693
1884	0	995
1884	1	2694
1885	0	865
1885	1	2695
1886	0	275
1886	1	2696
1887	0	193
1887	1	2697
1888	0	1038
1888	1	2698
1889	0	1372
1889	1	2699
1890	0	1038
1890	1	2700
1891	0	731
1891	1	2701
1892	0	1618
1892	1	2702
1893	0	731
1893	1	2703
1894	0	1196
1894	1	2704
1895	0	695
1895	1	2705
1896	0	133
1896	1	2706
1897	0	2707
1897	1	2708
1898	0	739
1898	1	2709
1899	0	1038
1899	1	2710
1900	0	675
1900	1	2711
1901	0	2431
1901	1	2712
1902	0	2713
1902	1	2714
1903	0	1220
1903	1	2715
1904	0	969
1904	1	2716
1905	0	1411
1905	1	2717
1906	0	737
1906	1	2718
1907	0	764
1907	1	2719
1908	0	1772
1908	1	2720
1909	0	863
1909	1	2721
1910	0	1067
1910	1	2722
1911	0	1567
1911	1	2723
1912	0	834
1912	1	2724
1913	0	79
1913	1	2725
1914	0	1069
1914	1	2726
1915	0	865
1915	1	2727
1916	0	397
1916	1	2728
1917	0	2729
1917	1	2730
1918	0	478
1918	1	2731
1919	0	421
1919	1	2732
1920	0	1135
1920	1	2733
1921	0	107
1921	1	2734
1922	0	1040
1922	1	2735
1923	0	701
1923	1	2736
1924	0	1738
1924	1	2737
1925	0	955
1925	1	2738
1926	0	2630
1926	1	2739
1927	0	454
1927	1	2740
1928	0	1331
1928	1	2741
1929	0	1007
1929	1	2742
1930	0	1434
1930	1	2743
1931	0	1063
1931	1	2744
1932	0	1227
1932	1	2745
1933	0	2746
1933	1	2747
1934	0	2748
1934	1	2749
1935	0	666
1935	1	2750
1936	0	514
1936	1	2751
1937	0	1539
1937	1	2752
1938	0	1385
1938	1	2753
1939	0	572
1939	1	2754
1940	0	69
1940	1	2755
1941	0	1562
1941	1	2756
1942	0	873
1942	1	2757
1943	0	230
1943	1	2758
1944	0	89
1944	1	2759
1945	0	2760
1945	1	2761
1946	0	495
1946	1	2762
1947	0	1732
1947	1	2763
1948	0	2764
1948	1	2765
1949	0	2220
1949	1	2766
1950	0	2767
1950	1	2768
1951	0	858
1951	1	2769
1952	0	853
1952	1	2770
1953	0	1881
1953	1	2771
1954	0	1038
1954	1	2772
1955	0	707
1955	1	2773
1956	0	884
1956	1	2774
1957	0	275
1957	1	2775
1958	0	2280
1958	1	2776
1959	0	1092
1959	1	2777
1960	0	1346
1960	1	2778
1961	0	1282
1961	1	2779
1962	0	981
1962	1	2780
1963	0	1618
1963	1	2781
1964	0	884
1964	1	2782
1965	0	664
1965	1	2783
1966	0	825
1966	1	2784
1967	0	20
1967	1	2785
1968	0	1654
1968	1	2786
1969	0	1040
1969	1	2787
1970	0	1211
1970	1	2788
1971	0	242
1971	1	2789
1972	0	321
1972	1	2790
1973	0	717
1973	1	2791
1974	0	1098
1974	1	2792
1975	0	1979
1975	1	2793
1976	0	993
1976	1	2794
1977	0	2331
1977	1	2795
1978	0	1654
1978	1	2796
1979	0	1738
1979	1	2797
1980	0	1881
1980	1	2798
1981	0	1040
1981	1	2799
1982	0	1263
1982	1	2800
1983	0	1385
1983	1	2801
1984	0	2802
1984	1	2803
1985	0	834
1985	1	2804
1986	0	495
1986	1	2805
1987	0	2258
1987	1	2806
1988	0	1165
1988	1	2807
1989	0	2105
1989	1	2808
1990	0	981
1990	1	2809
1991	0	478
1991	1	2810
1992	0	299
1992	1	2811
1993	0	1669
1993	1	2812
1994	0	385
1994	1	2813
1995	0	228
1995	1	2814
1996	0	620
1996	1	2815
1997	0	1120
1997	1	2816
1998	0	1186
1998	1	2817
1999	0	524
1999	1	2818
2000	0	620
2000	1	2819
2001	0	1098
2001	1	2820
2002	0	943
2002	1	2821
2003	0	375
2003	1	2822
2004	0	1246
2004	1	2823
2005	0	107
2005	1	2824
2006	0	375
2006	1	2825
2007	0	1040
2007	1	2826
2008	0	159
2008	1	2827
2009	0	67
2009	1	2828
2010	0	2331
2010	1	2829
2011	0	1107
2011	1	2830
2012	0	567
2012	1	2831
2013	0	1092
2013	1	2832
2014	0	2331
2014	1	2833
2015	0	849
2015	1	2834
2016	0	1190
2016	1	2835
2017	0	1165
2017	1	2836
2018	0	786
2018	1	2837
2019	0	1567
2019	1	2838
2020	0	1554
2020	1	2839
2021	0	1052
2021	1	2840
2022	0	1224
2022	1	2841
2023	0	535
2023	1	2842
2024	0	737
2024	1	2843
2025	0	14
2025	1	2844
2026	0	24
2026	1	2845
2027	0	1659
2027	1	2846
2028	0	67
2028	1	2847
2029	0	1519
2029	1	2848
2030	0	1562
2030	1	2849
2031	0	415
2031	1	2850
2032	0	957
2032	1	2851
2033	0	1625
2033	1	2852
2034	0	1523
2034	1	2853
2035	0	115
2035	1	2854
2036	0	385
2036	1	2855
2037	0	1523
2037	1	2856
2038	0	505
2038	1	2857
2039	0	343
2039	1	2858
2040	0	1211
2040	1	2859
2041	0	187
2041	1	2860
2042	0	1092
2042	1	2861
2043	0	610
2043	1	2862
2044	0	1098
2044	1	2863
2045	0	308
2045	1	2864
2046	0	1098
2046	1	2865
2047	0	115
2047	1	2866
2048	0	1466
2048	1	2867
2049	0	610
2049	1	2868
2050	0	610
2050	1	2869
2051	0	1372
2051	1	2870
2052	0	1273
2052	1	2871
2053	0	1040
2053	1	2872
2054	0	1953
2054	1	2873
2055	0	1539
2055	1	2874
2056	0	1363
2056	1	2875
2057	0	1506
2057	1	2876
2058	0	1881
2058	1	2877
2059	0	1567
2059	1	2878
2060	0	1506
2060	1	2879
2061	0	620
2061	1	2880
2062	0	1976
2062	1	2881
2063	0	265
2063	1	2882
2064	0	321
2064	1	2883
2065	0	522
2065	1	2884
2066	0	1506
2066	1	2885
2067	0	993
2067	1	2886
2068	0	762
2068	1	2887
2069	0	1976
2069	1	2888
2070	0	620
2070	1	2889
2071	0	332
2071	1	2890
2072	0	1881
2072	1	2891
2073	0	2231
2073	1	2892
2074	0	666
2074	1	2893
2075	0	1738
2075	1	2894
2076	0	1082
2076	1	2895
2077	0	697
2077	1	2896
2078	0	299
2078	1	2897
2079	0	1082
2079	1	2898
2080	0	1052
2080	1	2899
2081	0	1092
2081	1	2900
2082	0	1211
2082	1	2901
2083	0	1052
2083	1	2902
2084	0	1331
2084	1	2903
2085	0	1523
2085	1	2904
2086	0	275
2086	1	2905
2087	0	1061
2087	1	2906
2088	0	1409
2088	1	2907
2089	0	1462
2089	1	2908
2090	0	1539
2090	1	2909
2091	0	567
2091	1	2910
2092	0	993
2092	1	2911
2093	0	1082
2093	1	2912
2094	0	1098
2094	1	2913
2095	0	1082
2095	1	2914
2096	0	760
2096	1	2915
2097	0	159
2097	1	2916
2098	0	1061
2098	1	2917
2099	0	159
2099	1	2918
2100	0	1331
2100	1	2919
2101	0	1539
2101	1	2920
2102	0	640
2102	1	2921
2103	0	1082
2103	1	2922
2104	0	620
2104	1	2923
2105	0	1413
2105	1	2924
2106	0	321
2106	1	2925
2107	0	760
2107	1	2926
2108	0	2927
2108	1	2928
2109	0	572
2109	1	2929
2110	0	177
2110	1	2930
2111	0	1411
2111	1	2931
2112	0	1881
2112	1	2932
2113	0	993
2113	1	2933
2114	0	2440
2114	1	2934
2115	0	620
2115	1	2935
2116	0	967
2116	1	2936
2117	0	2937
2117	1	2938
2118	0	1506
2118	1	2939
2119	0	2547
2119	1	2940
2120	0	2179
2120	1	2941
2121	0	205
2121	1	2942
2122	0	2943
2122	1	2944
2123	0	656
2123	1	2945
2124	0	85
2124	1	2946
2125	0	588
2125	1	2947
2126	0	972
2126	1	2948
2127	0	1092
2127	1	2949
2128	0	2950
2128	1	2951
2129	0	642
2129	1	2952
2130	0	365
2130	1	2953
2131	0	2134
2131	1	2954
2132	0	1127
2132	1	2955
2133	0	878
2133	1	2956
2134	0	1300
2134	1	2957
2135	0	217
2135	1	2958
2136	0	1012
2136	1	2959
2137	0	2523
2137	1	2960
2138	0	1602
2138	1	2961
2139	0	1116
2139	1	2962
2140	0	2963
2140	1	2964
2141	0	658
2141	1	2965
2142	0	2966
2142	1	2967
2143	0	972
2143	1	2968
2144	0	495
2144	1	2969
2145	0	1659
2145	1	2970
2146	0	1833
2146	1	2971
2147	0	2436
2147	1	2972
2148	0	2973
2148	1	2974
2149	0	2975
2149	1	2976
2150	0	1003
2150	1	2977
2151	0	1652
2151	1	2978
2152	0	764
2152	1	2979
2153	0	2540
2153	1	2980
2154	0	2981
2154	1	2982
2155	0	173
2155	1	2983
2156	0	1385
2156	1	2984
2157	0	1082
2157	1	2985
2158	0	827
2158	1	2986
2159	0	2342
2159	1	2987
2160	0	847
2160	1	2988
2161	0	12
2161	1	2989
2162	0	1825
2162	1	2990
2163	0	1028
2163	1	2991
2164	0	481
2164	1	2992
2165	0	1220
2165	1	2993
2166	0	731
2166	1	2994
2167	0	2995
2167	1	2996
2168	0	1211
2168	1	2997
2169	0	275
2169	1	2998
2170	0	993
2170	1	2999
2171	0	1681
2171	1	3000
2172	0	2473
2172	1	3001
2173	0	1385
2173	1	3002
2174	0	3003
2174	1	3004
2175	0	3005
2175	1	3006
2176	0	612
2176	1	3007
2177	0	97
2177	1	3008
2178	0	3009
2178	1	3010
2179	0	321
2179	1	3011
2180	0	399
2180	1	3012
2181	0	1588
2181	1	3013
2182	0	2012
2182	1	3014
2183	0	1431
2183	1	3015
2184	0	1953
2184	1	3016
2185	0	1592
2185	1	3017
2186	0	159
2186	1	3018
2187	0	1560
2187	1	3019
2188	0	3020
2188	1	3021
2189	0	1014
2189	1	3022
2190	0	1331
2190	1	3023
2191	0	3024
2191	1	3025
2192	0	1413
2192	1	3026
2193	0	1061
2193	1	3027
2194	0	389
2194	1	3028
2195	0	2440
2195	1	3029
2196	0	825
2196	1	3030
2197	0	299
2197	1	3031
2198	0	1074
2198	1	3032
2199	0	977
2199	1	3033
2200	0	1082
2200	1	3034
2201	0	1211
2201	1	3035
2202	0	3036
2202	1	3037
2203	0	3038
2203	1	3039
2204	0	1054
2204	1	3040
2205	0	2012
2205	1	3041
2206	0	660
2206	1	3042
2207	0	795
2207	1	3043
2208	0	1735
2208	1	3044
2209	0	1735
2209	1	3045
2210	0	666
2210	1	3046
2211	0	1165
2211	1	3047
2212	0	175
2212	1	3048
2213	0	155
2213	1	3049
2214	0	371
2214	1	3050
2215	0	509
2215	1	3051
2216	0	873
2216	1	3052
2217	0	1368
2217	1	3053
2218	0	367
2218	1	3054
2219	0	472
2219	1	3055
2220	0	610
2220	1	3056
2221	0	1506
2221	1	3057
2222	0	1331
2222	1	3058
2223	0	972
2223	1	3059
2224	0	1562
2224	1	3060
2225	0	1007
2225	1	3061
2226	0	572
2226	1	3062
2227	0	1038
2227	1	3063
2228	0	557
2228	1	3064
2229	0	1220
2229	1	3065
2230	0	1466
2230	1	3066
2231	0	193
2231	1	3067
2232	0	911
2232	1	3068
2233	0	321
2233	1	3069
2234	0	505
2234	1	3070
2235	0	2547
2235	1	3071
2236	0	675
2236	1	3072
2237	0	764
2237	1	3073
2238	0	1836
2238	1	3074
2239	0	230
2239	1	3075
2240	0	825
2240	1	3076
2241	0	177
2241	1	3077
2242	0	526
2242	1	3078
2243	0	572
2243	1	3079
2244	0	1442
2244	1	3080
2245	0	1588
2245	1	3081
2246	0	1778
2246	1	3082
2247	0	522
2247	1	3083
2248	0	2646
2248	1	3084
2249	0	484
2249	1	3085
2250	0	640
2250	1	3086
2251	0	930
2251	1	3087
2252	0	1005
2252	1	3088
2253	0	1040
2253	1	3089
2254	0	737
2254	1	3090
2255	0	1618
2255	1	3091
2256	0	612
2256	1	3092
2257	0	1976
2257	1	3093
2258	0	2396
2258	1	3094
2259	0	2299
2259	1	3095
2260	0	1295
2260	1	3096
2261	0	1268
2261	1	3097
2262	0	452
2262	1	3098
2263	0	1953
2263	1	3099
2264	0	3100
2264	1	3101
2265	0	858
2265	1	3102
2266	0	1466
2266	1	3103
2267	0	3104
2267	1	3105
2268	0	67
2268	1	3106
2269	0	1014
2269	1	3107
2270	0	1092
2270	1	3108
2271	0	1034
2271	1	3109
2272	0	1881
2272	1	3110
2273	0	884
2273	1	3111
2274	0	3005
2274	1	3112
2275	0	3113
2275	1	3114
2276	0	1007
2276	1	3115
2277	0	858
2277	1	3116
2278	0	89
2278	1	3117
2279	0	1876
2279	1	3118
2280	0	336
2280	1	3119
2281	0	319
2281	1	3120
2282	0	640
2282	1	3121
2283	0	1812
2283	1	3122
2284	0	834
2284	1	3123
2285	0	993
2285	1	3124
2286	0	421
2286	1	3125
2287	0	1652
2287	1	3126
2288	0	528
2288	1	3127
2289	0	417
2289	1	3128
2290	0	731
2290	1	3129
2291	0	131
2291	1	3130
2292	0	666
2292	1	3131
2293	0	926
2293	1	3132
2294	0	2162
2294	1	3133
2295	0	385
2295	1	3134
2296	0	1618
2296	1	3135
2297	0	1976
2297	1	3136
2298	0	1539
2298	1	3137
2299	0	526
2299	1	3138
2300	0	858
2300	1	3139
2301	0	159
2301	1	3140
2302	0	1038
2302	1	3141
2303	0	535
2303	1	3142
2304	0	1038
2304	1	3143
2305	0	720
2305	1	3144
2306	0	490
2306	1	3145
2307	0	760
2307	1	3146
2308	0	1554
2308	1	3147
2309	0	1539
2309	1	3148
2310	0	1554
2310	1	3149
2311	0	993
2311	1	3150
2312	0	1881
2312	1	3151
2313	0	1659
2313	1	3152
2314	0	75
2314	1	3153
2315	0	495
2315	1	3154
2316	0	3155
2316	1	3156
2317	0	2263
2317	1	3157
2318	0	397
2318	1	3158
2319	0	3159
2319	1	3160
2320	0	1172
2320	1	3161
2321	0	972
2321	1	3162
2322	0	1374
2322	1	3163
2323	0	2162
2323	1	3164
2324	0	853
2324	1	3165
2325	0	478
2325	1	3166
2326	0	1562
2326	1	3167
2327	0	476
2327	1	3168
2328	0	24
2328	1	3169
2329	0	666
2329	1	3170
2330	0	3171
2330	1	3172
2331	0	1876
2331	1	3173
2332	0	825
2332	1	3174
2333	0	2473
2333	1	3175
2334	0	526
2334	1	3176
2335	0	417
2335	1	3177
2336	0	762
2336	1	3178
2337	0	3179
2337	1	3180
2338	0	1145
2338	1	3181
2339	0	1521
2339	1	3182
2340	0	3183
2340	1	3184
2341	0	2927
2341	1	3185
2342	0	3186
2342	1	3187
2343	0	1095
2343	1	3188
2344	0	1385
2344	1	3189
2345	0	543
2345	1	3190
2346	0	1090
2346	1	3191
2347	0	608
2347	1	3192
2348	0	1063
2348	1	3193
2349	0	421
2349	1	3194
2350	0	1659
2350	1	3195
2351	0	825
2351	1	3196
2352	0	1592
2352	1	3197
2353	0	265
2353	1	3198
2354	0	858
2354	1	3199
2355	0	981
2355	1	3200
2356	0	1953
2356	1	3201
2357	0	1012
2357	1	3202
2358	0	834
2358	1	3203
2359	0	762
2359	1	3204
2360	0	1654
2360	1	3205
2361	0	283
2361	1	3206
2362	0	97
2362	1	3207
2363	0	54
2363	1	3208
2364	0	1506
2364	1	3209
2365	0	177
2365	1	3210
2366	0	319
2366	1	3211
2367	0	860
2367	1	3212
2368	0	926
2368	1	3213
2369	0	1663
2369	1	3214
2370	0	415
2370	1	3215
2371	0	815
2371	1	3216
2372	0	1092
2372	1	3217
2373	0	3218
2373	1	3219
2374	0	1442
2374	1	3220
2375	0	612
2375	1	3221
2376	0	640
2376	1	3222
2377	0	995
2377	1	3223
2378	0	926
2378	1	3224
2379	0	371
2379	1	3225
2380	0	1069
2380	1	3226
2381	0	1318
2381	1	3227
2382	0	2927
2382	1	3228
2383	0	1133
2383	1	3229
2384	0	620
2384	1	3230
2385	0	397
2385	1	3231
2386	0	1196
2386	1	3232
2387	0	701
2387	1	3233
2388	0	1576
2388	1	3234
2389	0	1648
2389	1	3235
2390	0	1302
2390	1	3236
2391	0	1107
2391	1	3237
2392	0	815
2392	1	3238
2393	0	567
2393	1	3239
2394	0	858
2394	1	3240
2395	0	2469
2395	1	3241
2396	0	642
2396	1	3242
2397	0	1592
2397	1	3243
2398	0	1063
2398	1	3244
2399	0	332
2399	1	3245
2400	0	3246
2400	1	3247
2401	0	203
2401	1	3248
2402	0	1052
2402	1	3249
2403	0	1416
2403	1	3250
2404	0	2601
2404	1	3251
2405	0	995
2405	1	3252
2406	0	1355
2406	1	3253
2407	0	3254
2407	1	3255
2408	0	1562
2408	1	3256
2409	0	187
2409	1	3257
2410	0	411
2410	1	3258
2411	0	175
2411	1	3259
2412	0	2231
2412	1	3260
2413	0	1012
2413	1	3261
2414	0	3262
2414	1	3263
2415	0	737
2415	1	3264
2416	0	884
2416	1	3265
2417	0	569
2417	1	3266
2418	0	3267
2418	1	3268
2419	0	3269
2419	1	3270
2420	0	30
2420	1	3271
2421	0	1519
2421	1	3272
2422	0	1054
2422	1	3273
